step   first_run   mean_reward_runs   std_reward_runs   percentage_opt_action
0 1 0.8265 0.239904 0.0995
1 0.858943 0.834616 0.237002 0.103
2 1 0.837561 0.230372 0.097
3 0.513535 0.834656 0.237181 0.1065
4 0.303995 0.843002 0.225149 0.1055
5 1 0.838995 0.23346 0.1095
6 0.0914029 0.840125 0.229642 0.116
7 1 0.835549 0.235127 0.106
8 1 0.853541 0.221109 0.1125
9 1 0.840626 0.233239 0.124
10 0.988525 0.844451 0.230931 0.113
11 1 0.850254 0.226198 0.1135
12 1 0.840533 0.231543 0.1
13 1 0.843666 0.228288 0.1095
14 0.0089114 0.853464 0.221162 0.1235
15 1 0.851788 0.221059 0.1235
16 0.531663 0.846821 0.227033 0.1285
17 1 0.84205 0.228274 0.1085
18 0.601764 0.853422 0.221971 0.1235
19 1 0.855567 0.21778 0.118
20 1 0.847514 0.22588 0.1235
21 1 0.855629 0.219655 0.123
22 1 0.850364 0.223679 0.1145
23 1 0.859202 0.214234 0.12
24 1 0.855694 0.224997 0.122
25 1 0.855353 0.222959 0.1245
26 0.783319 0.851699 0.227701 0.12
27 1 0.851647 0.21572 0.1175
28 1 0.860514 0.216663 0.126
29 1 0.856892 0.215379 0.1235
30 0.875973 0.84937 0.226708 0.11
31 1 0.854366 0.218982 0.118
32 0.955901 0.852623 0.226989 0.1215
33 0.925718 0.85284 0.219443 0.105
34 0.539354 0.858497 0.21513 0.12
35 1 0.850707 0.224929 0.1165
36 0.462081 0.856541 0.220884 0.1025
37 1 0.847901 0.229142 0.115
38 0.862239 0.85468 0.224661 0.1195
39 1 0.850317 0.223755 0.111
40 0.779656 0.856688 0.22384 0.125
41 0.843654 0.865548 0.21476 0.1215
42 0.996796 0.852816 0.215569 0.1285
43 0.999695 0.856446 0.219859 0.107
44 1 0.859015 0.21476 0.1135
45 1 0.850963 0.224914 0.117
46 1 0.860148 0.217659 0.112
47 0.297281 0.858616 0.217999 0.1045
48 1 0.855309 0.224117 0.1165
49 1 0.844285 0.22699 0.11
50 1 0.85447 0.221963 0.1285
51 1 0.856663 0.220912 0.1275
52 0.677206 0.851719 0.224794 0.111
53 0.0562151 0.856314 0.217586 0.123
54 1 0.84806 0.223761 0.107
55 0.91879 0.844281 0.229841 0.1175
56 1 0.858967 0.214226 0.1135
57 0.272897 0.858142 0.216805 0.119
58 0.587909 0.860838 0.216491 0.1185
59 1 0.854249 0.220586 0.1145
60 0.837611 0.858805 0.216965 0.1135
61 0.726493 0.859849 0.215509 0.117
62 1 0.854699 0.220244 0.1185
63 1 0.867159 0.208379 0.109
64 1 0.849457 0.223745 0.119
65 1 0.836246 0.229711 0.1165
66 1 0.852823 0.227489 0.1225
67 0.949156 0.853079 0.219841 0.11
68 1 0.858608 0.218341 0.1355
69 1 0.86712 0.210548 0.1085
70 0.599048 0.856964 0.221136 0.1255
71 1 0.853253 0.22638 0.113
72 0.735008 0.850216 0.226976 0.118
73 0.608966 0.849758 0.222362 0.1085
74 1 0.855893 0.221095 0.123
75 1 0.859704 0.217145 0.118
76 1 0.856432 0.219813 0.1265
77 1 0.843405 0.228938 0.1185
78 1 0.849018 0.224877 0.1195
79 1 0.848786 0.227954 0.1045
80 1 0.855783 0.219638 0.112
81 0.98999 0.853174 0.223103 0.1135
82 0.751549 0.841802 0.234738 0.116
83 1 0.859842 0.213424 0.1235
84 1 0.854903 0.220995 0.125
85 1 0.857087 0.222221 0.1205
86 1 0.853044 0.224881 0.124
87 1 0.852269 0.227128 0.109
88 1 0.856979 0.219092 0.1255
89 1 0.860746 0.214623 0.123
90 1 0.853092 0.223614 0.1205
91 0.949583 0.852021 0.220914 0.1175
92 1 0.859141 0.216102 0.109
93 0.905118 0.845553 0.227128 0.1055
94 1 0.850128 0.225854 0.111
95 1 0.853229 0.225196 0.1105
96 0.426557 0.86218 0.219578 0.1065
97 1 0.854511 0.219655 0.121
98 0.966613 0.859512 0.217911 0.1245
99 1 0.853814 0.219396 0.116
100 1 0.846626 0.226884 0.1225
101 1 0.858188 0.221542 0.1155
102 0.82168 0.851973 0.221951 0.1115
103 1 0.853543 0.218864 0.118
104 0.191351 0.854427 0.223481 0.118
105 1 0.855063 0.218091 0.1155
106 0.817194 0.854254 0.222239 0.121
107 1 0.856079 0.22099 0.1195
108 1 0.859731 0.217768 0.13
109 1 0.849254 0.223409 0.1035
110 1 0.859254 0.221485 0.129
111 1 0.854818 0.221764 0.113
112 0.27958 0.85437 0.218807 0.113
113 1 0.855562 0.222829 0.119
114 0.682241 0.849298 0.22448 0.112
115 0.755852 0.859507 0.216659 0.1245
116 0.721915 0.851897 0.225246 0.1165
117 1 0.846171 0.221258 0.1205
118 1 0.850599 0.222141 0.1105
119 1 0.850781 0.220985 0.114
120 1 0.856135 0.218135 0.11
121 1 0.855027 0.22037 0.1095
122 1 0.847604 0.229813 0.1075
123 0.662984 0.850753 0.21851 0.113
124 1 0.850104 0.226004 0.127
125 0.104678 0.863966 0.214496 0.132
126 0.949339 0.84974 0.231337 0.126
127 0.921384 0.858422 0.221624 0.121
128 0.549547 0.849578 0.224331 0.1175
129 1 0.852261 0.2225 0.127
130 1 0.853374 0.220927 0.114
131 0.374981 0.852755 0.222222 0.117
132 0.84698 0.857741 0.224478 0.119
133 1 0.854835 0.217096 0.108
134 1 0.856775 0.220043 0.1245
135 1 0.841529 0.227913 0.1195
136 0.982971 0.851982 0.224313 0.115
137 1 0.855304 0.217957 0.106
138 1 0.853735 0.220695 0.0975
139 1 0.85603 0.221983 0.1265
140 1 0.857573 0.218731 0.1185
141 0.761315 0.851857 0.222249 0.116
142 0.839442 0.855506 0.220631 0.1135
143 1 0.852237 0.225885 0.1335
144 0.5009 0.849122 0.222566 0.1245
145 0.890164 0.854347 0.223103 0.112
146 0.0274667 0.854687 0.224179 0.1125
147 0.994629 0.848027 0.223084 0.1255
148 0.572588 0.85396 0.222594 0.115
149 1 0.852052 0.220597 0.112
150 0.531327 0.849501 0.226743 0.118
151 1 0.85505 0.221902 0.11
152 0.843043 0.855985 0.219799 0.12
153 1 0.855542 0.219509 0.118
154 1 0.855138 0.222238 0.1195
155 0.197851 0.853078 0.218938 0.1225
156 0.842158 0.856475 0.223139 0.131
157 1 0.855471 0.218356 0.1225
158 1 0.851092 0.221783 0.112
159 1 0.850065 0.220568 0.1125
160 1 0.850212 0.224988 0.1145
161 0.941069 0.855616 0.221211 0.114
162 0.286081 0.849806 0.228326 0.115
163 1 0.851383 0.220664 0.113
164 1 0.854193 0.223219 0.1185
165 0.733085 0.855989 0.222462 0.1045
166 0.83462 0.85095 0.22394 0.1095
167 0.707999 0.853611 0.222752 0.1375
168 0.600238 0.854864 0.219935 0.1125
169 0.747215 0.858809 0.218677 0.1125
170 1 0.858034 0.21645 0.1145
171 1 0.860794 0.21352 0.126
172 1 0.854578 0.229843 0.1165
173 1 0.848576 0.223807 0.121
174 0.806238 0.850978 0.225607 0.1155
175 0.852626 0.859214 0.214438 0.1115
176 0.210578 0.853008 0.223469 0.1255
177 1 0.858075 0.221882 0.1195
178 0.553209 0.854516 0.219782 0.1125
179 0.0142521 0.844379 0.230526 0.1195
180 1 0.849704 0.224905 0.1185
181 0.454512 0.855809 0.221991 0.118
182 0.75222 0.864207 0.212345 0.114
183 1 0.856723 0.21967 0.1155
184 1 0.843954 0.228554 0.1195
185 1 0.85404 0.220837 0.122
186 1 0.847532 0.22011 0.107
187 1 0.855613 0.218522 0.121
188 0.696219 0.851362 0.222158 0.114
189 0.290353 0.853052 0.22297 0.1205
190 0.436689 0.856393 0.219827 0.114
191 1 0.848303 0.224326 0.1175
192 0.577868 0.854268 0.222604 0.119
193 0.532579 0.859176 0.220185 0.118
194 0.628681 0.85571 0.218281 0.119
195 1 0.84544 0.225864 0.1055
196 1 0.861053 0.217653 0.1175
197 0.963042 0.864476 0.217546 0.1215
198 0.695761 0.846481 0.228004 0.123
199 0.924802 0.846577 0.227441 0.1125
200 0.189947 0.851335 0.226559 0.1115
201 1 0.856815 0.221255 0.1215
202 0.17835 0.859082 0.216017 0.114
203 0.995178 0.858525 0.220481 0.1185
204 1 0.855249 0.221157 0.1275
205 0.998016 0.853923 0.222685 0.107
206 1 0.850102 0.222721 0.126
207 0.625172 0.850461 0.222787 0.108
208 1 0.86435 0.21593 0.125
209 0.437727 0.856665 0.221048 0.106
210 0.931516 0.856037 0.222385 0.1195
211 1 0.848071 0.223537 0.1115
212 0.89462 0.856512 0.221122 0.1285
213 1 0.860363 0.220656 0.12
214 1 0.849654 0.226551 0.1145
215 0.769066 0.84988 0.225135 0.113
216 0.410718 0.85335 0.220841 0.1145
217 1 0.850946 0.226768 0.112
218 0.628071 0.849247 0.225128 0.1215
219 0.604144 0.855836 0.217043 0.111
220 0.451613 0.861721 0.215933 0.1225
221 0.466353 0.850186 0.222943 0.1355
222 0.597827 0.84508 0.229 0.1155
223 0.634724 0.861081 0.216739 0.1345
224 1 0.849625 0.225936 0.1175
225 0.828791 0.855072 0.221168 0.1085
226 1 0.850018 0.225225 0.1075
227 1 0.862121 0.214654 0.122
228 0.565752 0.84752 0.222845 0.1155
229 1 0.84979 0.222929 0.102
230 1 0.851334 0.228196 0.1185
231 1 0.853864 0.222583 0.1245
232 0.555132 0.861846 0.217326 0.121
233 0.905087 0.85562 0.217315 0.1175
234 1 0.852871 0.222267 0.1285
235 1 0.848557 0.223111 0.114
236 0.604724 0.856858 0.221325 0.1255
237 1 0.859737 0.220045 0.1175
238 0.584613 0.845122 0.232468 0.106
239 1 0.854207 0.224026 0.1085
240 1 0.854924 0.216763 0.1145
241 1 0.857339 0.21996 0.1135
242 1 0.855579 0.217364 0.1195
243 0.612049 0.860957 0.216311 0.114
244 0.62038 0.849894 0.22444 0.1215
245 1 0.855107 0.224144 0.119
246 1 0.851631 0.225957 0.111
247 1 0.83803 0.237659 0.1125
248 1 0.856384 0.216317 0.1105
249 0.867733 0.849872 0.227972 0.1085
250 0.911557 0.851196 0.22317 0.128
251 1 0.851938 0.223442 0.114
252 1 0.856376 0.227048 0.1275
253 1 0.855574 0.218558 0.13
254 0.667776 0.848224 0.225487 0.1115
255 0.976531 0.852884 0.222237 0.1105
256 1 0.857908 0.21792 0.1255
257 1 0.859613 0.218595 0.126
258 1 0.856572 0.21596 0.119
259 1 0.84896 0.22348 0.1215
260 1 0.855619 0.215749 0.1195
261 0.869045 0.854982 0.21726 0.11
262 0.851222 0.85423 0.222983 0.13
263 1 0.852665 0.22227 0.1095
264 1 0.851111 0.223459 0.115
265 0.326914 0.860599 0.214173 0.117
266 1 0.851879 0.229 0.109
267 1 0.8526 0.227016 0.1215
268 0.64098 0.860454 0.215722 0.1345
269 1 0.858533 0.216397 0.1295
270 1 0.84982 0.222633 0.132
271 1 0.858138 0.219713 0.1035
272 1 0.852236 0.226452 0.1265
273 1 0.845289 0.231403 0.1165
274 1 0.849901 0.221691 0.1075
275 1 0.852536 0.225902 0.108
276 1 0.85388 0.220668 0.12
277 1 0.847888 0.227559 0.1215
278 0.737999 0.857036 0.222033 0.1225
279 1 0.852993 0.219046 0.116
280 0.826685 0.852786 0.217879 0.1095
281 0.959075 0.846329 0.230227 0.1145
282 0.873348 0.852824 0.22246 0.1085
283 0.725028 0.862024 0.210219 0.118
284 1 0.864993 0.216492 0.1255
285 0.943999 0.856349 0.219648 0.1195
286 1 0.856226 0.223405 0.1115
287 1 0.849001 0.225829 0.111
288 0.784967 0.858414 0.218417 0.124
289 1 0.849751 0.226547 0.123
290 0.609638 0.855726 0.221128 0.111
291 0.956114 0.845901 0.223725 0.115
292 1 0.848567 0.229248 0.1175
293 0.875637 0.846474 0.229614 0.122
294 0.653859 0.845422 0.224016 0.1085
295 1 0.842529 0.231381 0.111
296 1 0.854172 0.224028 0.1165
297 1 0.850755 0.221533 0.115
298 1 0.856372 0.22222 0.115
299 1 0.852319 0.228499 0.1215
300 0.91998 0.860484 0.221771 0.122
301 0.551164 0.85133 0.221015 0.1035
302 0.662801 0.851375 0.221223 0.115
303 1 0.865395 0.20599 0.115
304 1 0.845071 0.231288 0.1205
305 1 0.859893 0.217209 0.113
306 1 0.854772 0.219404 0.117
307 0.793359 0.862475 0.213418 0.114
308 1 0.844083 0.231081 0.1175
309 0.382366 0.853317 0.22217 0.107
310 0.688162 0.856536 0.2216 0.124
311 0.532151 0.851238 0.223562 0.113
312 0.606281 0.864882 0.2132 0.121
313 1 0.849088 0.222801 0.1145
314 1 0.856036 0.221664 0.1195
315 1 0.857143 0.218291 0.1145
316 0.10062 0.860168 0.215612 0.107
317 1 0.850533 0.223939 0.1215
318 0.863247 0.85896 0.215121 0.1205
319 0.491501 0.855184 0.216396 0.1175
320 0.747337 0.855797 0.221272 0.115
321 0.496902 0.850742 0.221809 0.126
322 0.380108 0.851151 0.225331 0.1225
323 0.785363 0.858247 0.215287 0.1185
324 1 0.852664 0.225255 0.108
325 0.357097 0.857655 0.213781 0.124
326 0.955718 0.857066 0.214276 0.1175
327 0.630848 0.852315 0.225803 0.117
328 1 0.852891 0.222635 0.118
329 1 0.851486 0.222547 0.1205
330 1 0.850855 0.222103 0.1265
331 1 0.85095 0.221933 0.103
332 0.95172 0.845115 0.225491 0.11
333 1 0.849115 0.224672 0.099
334 1 0.857884 0.216286 0.1095
335 1 0.859112 0.220154 0.127
336 1 0.846377 0.229032 0.125
337 0.63921 0.857547 0.217128 0.1075
338 1 0.857592 0.219799 0.1125
339 0.847072 0.851032 0.225099 0.1125
340 0.864315 0.856736 0.221665 0.127
341 0.596881 0.846009 0.224572 0.115
342 0.721641 0.853361 0.222993 0.1075
343 0.853969 0.841903 0.23291 0.109
344 0.0146794 0.855154 0.21845 0.107
345 1 0.850374 0.227649 0.119
346 1 0.855551 0.22118 0.12
347 0.617145 0.84485 0.22989 0.105
348 1 0.859098 0.221106 0.114
349 1 0.864069 0.216248 0.121
350 1 0.853194 0.222543 0.1145
351 1 0.854174 0.223471 0.121
352 1 0.848829 0.223214 0.114
353 1 0.849472 0.223677 0.108
354 0.367565 0.850699 0.2305 0.1115
355 0.661 0.846107 0.230204 0.109
356 0.802393 0.853368 0.221418 0.1115
357 1 0.851241 0.223861 0.1175
358 1 0.854718 0.220905 0.117
359 0.611103 0.84831 0.224814 0.1105
360 1 0.85248 0.222254 0.119
361 0.900601 0.848073 0.230891 0.119
362 1 0.85257 0.22174 0.119
363 0.630177 0.852762 0.219946 0.115
364 1 0.85553 0.222815 0.13
365 1 0.846042 0.225968 0.1165
366 1 0.846316 0.229108 0.1025
367 0.85519 0.855009 0.221203 0.103
368 0.0661641 0.851724 0.223365 0.12
369 1 0.855514 0.224074 0.129
370 1 0.851575 0.223247 0.126
371 1 0.850751 0.224366 0.113
372 0.548051 0.853887 0.222514 0.1095
373 1 0.858309 0.219026 0.1245
374 1 0.856812 0.224813 0.1285
375 1 0.854387 0.22632 0.1195
376 0.808039 0.85177 0.22141 0.1135
377 1 0.85547 0.219389 0.1185
378 1 0.848703 0.223014 0.1155
379 0.78811 0.855037 0.225312 0.1205
380 0.89523 0.848292 0.227543 0.1225
381 0.789636 0.853374 0.223241 0.114
382 1 0.844872 0.22746 0.107
383 1 0.854851 0.22114 0.108
384 1 0.856853 0.221153 0.125
385 0.856655 0.861171 0.215431 0.131
386 1 0.856915 0.217211 0.109
387 0.863582 0.8673 0.210071 0.123
388 1 0.843278 0.224824 0.114
389 1 0.856657 0.219172 0.115
390 1 0.857517 0.216823 0.121
391 0.984832 0.847447 0.230702 0.1175
392 1 0.854268 0.221085 0.113
393 1 0.853185 0.226658 0.113
394 0.524674 0.85047 0.225587 0.12
395 1 0.858408 0.220025 0.1175
396 1 0.858636 0.214142 0.1185
397 1 0.85002 0.223704 0.117
398 0.891537 0.851884 0.225134 0.108
399 1 0.85423 0.217714 0.1215
400 1 0.862064 0.214021 0.1175
401 1 0.858202 0.216833 0.128
402 0.931639 0.854589 0.223512 0.115
403 1 0.848435 0.224173 0.1005
404 1 0.847529 0.229664 0.116
405 1 0.85693 0.217275 0.111
406 1 0.857698 0.221273 0.1135
407 0.914701 0.849999 0.224485 0.1175
408 1 0.854907 0.224446 0.116
409 1 0.856364 0.217036 0.1205
410 0.946165 0.858396 0.215652 0.1055
411 0.837184 0.855249 0.222085 0.115
412 0.534227 0.860992 0.218672 0.1115
413 0.842097 0.854275 0.223096 0.111
414 0.693533 0.856323 0.212875 0.1165
415 1 0.856948 0.224662 0.126
416 1 0.853143 0.223575 0.1135
417 1 0.846694 0.229181 0.1045
418 0.52559 0.851204 0.221926 0.1165
419 0.954802 0.84697 0.219737 0.1115
420 0.398694 0.855096 0.220652 0.1195
421 0.241096 0.849472 0.224395 0.116
422 0.585559 0.855565 0.217808 0.1175
423 1 0.850846 0.226307 0.1125
424 1 0.855331 0.219733 0.127
425 0.94528 0.859974 0.214275 0.111
426 1 0.855684 0.217928 0.1205
427 0.890225 0.856088 0.22544 0.1185
428 1 0.857663 0.219336 0.1165
429 0.940977 0.852918 0.222874 0.1165
430 0.60155 0.847189 0.230518 0.1075
431 0.786157 0.85499 0.218392 0.114
432 0.576678 0.85138 0.22025 0.109
433 0.14243 0.855991 0.21828 0.115
434 0.222327 0.855546 0.222865 0.124
435 1 0.859568 0.215148 0.124
436 1 0.852164 0.22231 0.117
437 1 0.855718 0.219785 0.123
438 1 0.85625 0.222433 0.122
439 0.659932 0.849586 0.227249 0.111
440 0.855098 0.854942 0.223342 0.1175
441 1 0.853099 0.221889 0.1185
442 0.81106 0.861099 0.216813 0.112
443 0.662069 0.854853 0.220223 0.1215
444 0.691488 0.857886 0.220865 0.122
445 0.802698 0.863677 0.211029 0.1225
446 0.530137 0.852894 0.220515 0.109
447 0.685629 0.852738 0.222926 0.123
448 1 0.855598 0.220197 0.105
449 1 0.84878 0.221729 0.1175
450 0.727897 0.858565 0.218203 0.1115
451 0.777734 0.859735 0.217425 0.1265
452 1 0.849178 0.2236 0.114
453 0.868679 0.856099 0.218314 0.114
454 1 0.86052 0.221241 0.117
455 0.706565 0.860955 0.219293 0.117
456 1 0.854628 0.220847 0.1045
457 1 0.850423 0.224694 0.109
458 0.947905 0.847042 0.228833 0.111
459 1 0.857193 0.217045 0.1235
460 0.274972 0.850615 0.225105 0.1275
461 1 0.850104 0.225134 0.129
462 0.98178 0.850707 0.221607 0.111
463 1 0.846425 0.227223 0.1225
464 1 0.855427 0.221316 0.113
465 0.922483 0.85246 0.219929 0.115
466 1 0.850089 0.21886 0.1035
467 0.69454 0.86403 0.217437 0.119
468 1 0.85883 0.215332 0.123
469 1 0.851155 0.224354 0.1125
470 1 0.86105 0.218704 0.1285
471 0.521439 0.851515 0.222248 0.1115
472 0.90228 0.854055 0.222386 0.13
473 0.106418 0.848318 0.227788 0.1105
474 0.902646 0.847606 0.232559 0.122
475 1 0.850549 0.221285 0.1115
476 1 0.855815 0.218391 0.1135
477 1 0.861578 0.214692 0.123
478 1 0.852121 0.225818 0.1215
479 0.974395 0.853317 0.220888 0.115
480 1 0.858079 0.218603 0.117
481 0.870388 0.854469 0.22293 0.114
482 1 0.849943 0.229622 0.125
483 1 0.85152 0.222534 0.1115
484 0.00375378 0.849503 0.223529 0.119
485 0.750633 0.851175 0.226989 0.119
486 0.114048 0.847491 0.225528 0.113
487 1 0.852501 0.227318 0.1085
488 1 0.852689 0.221313 0.12
489 0.992615 0.851107 0.225701 0.121
490 1 0.850131 0.222312 0.1115
491 1 0.850058 0.219479 0.126
492 1 0.854898 0.220095 0.1225
493 1 0.852632 0.220859 0.1125
494 1 0.855863 0.217789 0.12
495 0.620319 0.859042 0.217355 0.1185
496 0.885372 0.852155 0.226242 0.108
497 0.939085 0.847184 0.2266 0.11
498 1 0.84724 0.227155 0.1105
499 0.779656 0.849155 0.224107 0.1135
500 1 0.853386 0.222784 0.117
501 1 0.853545 0.222935 0.105
502 0.909146 0.853889 0.222413 0.1105
503 1 0.84965 0.226237 0.1105
504 0.921293 0.851232 0.224024 0.1235
505 1 0.853637 0.224294 0.119
506 1 0.851359 0.223767 0.1095
507 0.636341 0.852442 0.224544 0.1145
508 1 0.85029 0.224869 0.1105
509 0.42204 0.842951 0.228282 0.1115
510 0.943022 0.856098 0.220075 0.1275
511 1 0.85951 0.215321 0.1195
512 0.57857 0.852064 0.215635 0.1075
513 1 0.853467 0.221733 0.1135
514 1 0.844642 0.227156 0.1015
515 1 0.854291 0.217986 0.123
516 1 0.856511 0.216795 0.123
517 1 0.856601 0.219504 0.1255
518 1 0.852054 0.225767 0.1155
519 1 0.859337 0.211681 0.113
520 1 0.860224 0.216708 0.1165
521 0.389416 0.854908 0.221737 0.117
522 0.590747 0.846574 0.225637 0.1185
523 1 0.850372 0.219279 0.1195
524 1 0.862849 0.212958 0.121
525 1 0.851146 0.222625 0.107
526 0.644337 0.849229 0.226887 0.1255
527 1 0.85236 0.21927 0.1075
528 0.604297 0.844109 0.229332 0.118
529 0.697348 0.851005 0.221972 0.113
530 1 0.858273 0.218484 0.111
531 1 0.851239 0.220651 0.1185
532 1 0.851973 0.222437 0.122
533 0.835719 0.857252 0.215167 0.12
534 0.592212 0.84733 0.228287 0.117
535 1 0.862175 0.216005 0.13
536 0.949461 0.855936 0.217054 0.1185
537 0.876003 0.855879 0.221181 0.12
538 0.391705 0.859231 0.214389 0.12
539 0.987457 0.861207 0.218252 0.109
540 1 0.842061 0.230032 0.1065
541 1 0.850212 0.224365 0.121
542 0.57445 0.847792 0.225424 0.1055
543 1 0.853289 0.218161 0.1335
544 0.627338 0.851147 0.22817 0.131
545 1 0.853689 0.225161 0.1125
546 1 0.850435 0.221463 0.1125
547 1 0.862659 0.214591 0.1315
548 1 0.859876 0.217286 0.105
549 1 0.84781 0.229794 0.105
550 0.895322 0.856304 0.221883 0.12
551 0.710196 0.851274 0.222953 0.112
552 0.728446 0.856884 0.215682 0.122
553 0.896054 0.850844 0.223631 0.117
554 1 0.854088 0.217478 0.1135
555 1 0.862742 0.211135 0.128
556 0.903867 0.857819 0.216845 0.103
557 1 0.850505 0.2222 0.1175
558 1 0.847243 0.225253 0.112
559 1 0.862068 0.215432 0.1065
560 1 0.844733 0.228856 0.106
561 1 0.850014 0.220492 0.103
562 0.745354 0.85519 0.223339 0.1205
563 1 0.864669 0.209796 0.117
564 0.739433 0.857931 0.215862 0.1345
565 1 0.855065 0.220383 0.1165
566 1 0.865881 0.214925 0.1235
567 0.272591 0.854808 0.219847 0.1155
568 0.680441 0.850206 0.22285 0.1225
569 0.91113 0.853976 0.225071 0.1165
570 1 0.858119 0.219235 0.119
571 0.517655 0.856704 0.215367 0.118
572 1 0.848669 0.228667 0.115
573 0.907437 0.844256 0.23352 0.1065
574 1 0.858356 0.218963 0.117
575 1 0.849753 0.229267 0.1215
576 0.654836 0.857426 0.218352 0.1185
577 1 0.854822 0.221439 0.116
578 1 0.856156 0.223708 0.121
579 1 0.852694 0.22422 0.12
580 1 0.855452 0.219054 0.124
581 0.0757775 0.842189 0.230714 0.112
582 1 0.857138 0.217041 0.112
583 1 0.855317 0.21862 0.1075
584 1 0.85346 0.220859 0.136
585 0.697287 0.853061 0.223846 0.111
586 1 0.848796 0.227872 0.119
587 1 0.850217 0.226697 0.115
588 1 0.851344 0.220259 0.1115
589 1 0.843332 0.228486 0.1015
590 0.724937 0.850656 0.224339 0.1235
591 1 0.847 0.226048 0.11
592 0.694021 0.851436 0.222574 0.122
593 1 0.854144 0.22357 0.111
594 1 0.847664 0.224973 0.095
595 1 0.855787 0.224733 0.1075
596 1 0.855716 0.220027 0.1165
597 0.545366 0.85746 0.215037 0.1265
598 1 0.851916 0.230641 0.1115
599 0.974578 0.850147 0.223786 0.114
600 0.464034 0.857347 0.215884 0.116
601 0.96997 0.847868 0.229966 0.111
602 0.727866 0.845814 0.22944 0.12
603 1 0.85113 0.221479 0.1085
604 1 0.856128 0.223053 0.1215
605 0.692801 0.848243 0.22967 0.121
606 0.372112 0.853268 0.220273 0.1125
607 1 0.852551 0.224252 0.1185
608 1 0.847735 0.226771 0.111
609 0.809778 0.855354 0.217545 0.1155
610 1 0.86331 0.211698 0.118
611 1 0.849112 0.223896 0.112
612 1 0.852703 0.222175 0.102
613 0.784478 0.848197 0.224085 0.132
614 1 0.858493 0.217129 0.122
615 0.321909 0.85427 0.219444 0.1175
616 0.484664 0.858195 0.220618 0.1235
617 0.00915555 0.861349 0.220067 0.1225
618 1 0.850985 0.222999 0.114
619 1 0.854631 0.222853 0.126
620 0.605945 0.856414 0.222654 0.129
621 1 0.85589 0.214752 0.097
622 1 0.847781 0.225678 0.1235
623 1 0.852267 0.225173 0.1155
624 0.842647 0.846508 0.2285 0.1105
625 0.94232 0.850809 0.224703 0.113
626 0.62331 0.855942 0.21862 0.13
627 0.997284 0.850178 0.223143 0.1195
628 1 0.851937 0.223963 0.1325
629 1 0.853078 0.223101 0.1275
630 0.863552 0.858203 0.225455 0.124
631 1 0.859747 0.219343 0.119
632 1 0.858299 0.220792 0.113
633 1 0.845913 0.228242 0.1085
634 1 0.851623 0.227646 0.1095
635 1 0.855064 0.227786 0.119
636 1 0.855516 0.218801 0.1225
637 1 0.85888 0.217946 0.1215
638 1 0.854351 0.220062 0.115
639 1 0.846824 0.229806 0.106
640 0.857936 0.844731 0.227192 0.1305
641 0.936766 0.850492 0.223079 0.111
642 1 0.85774 0.218209 0.1225
643 0.727287 0.851918 0.223498 0.1095
644 1 0.852553 0.222979 0.105
645 1 0.851017 0.225818 0.12
646 0.875423 0.852935 0.223943 0.119
647 1 0.850398 0.223437 0.1185
648 0.595019 0.847799 0.22742 0.116
649 1 0.855946 0.220159 0.115
650 0.793176 0.853182 0.223585 0.1185
651 1 0.858017 0.220633 0.122
652 0.590625 0.851975 0.222451 0.117
653 0.589434 0.850881 0.227671 0.1125
654 0.569201 0.852762 0.21907 0.106
655 0.816065 0.861481 0.216472 0.1165
656 0.67275 0.856709 0.223112 0.115
657 1 0.853881 0.225719 0.116
658 1 0.853729 0.21618 0.1165
659 1 0.853152 0.222821 0.129
660 1 0.859207 0.216655 0.116
661 1 0.859433 0.219709 0.121
662 0.77102 0.859967 0.217294 0.131
663 1 0.846598 0.227562 0.1245
664 0.869869 0.843237 0.231197 0.1205
665 1 0.866089 0.212078 0.126
666 0.725578 0.860546 0.21477 0.125
667 1 0.848459 0.230194 0.128
668 0.893948 0.858561 0.219313 0.1115
669 1 0.853648 0.224853 0.1275
670 0.535569 0.848729 0.229079 0.1185
671 0.902005 0.848112 0.224001 0.119
672 0.780084 0.85646 0.222445 0.12
673 0.965209 0.860675 0.213495 0.116
674 1 0.850501 0.225045 0.1035
675 0.901547 0.849204 0.22603 0.115
676 0.797418 0.855434 0.220288 0.126
677 0.953398 0.852448 0.220009 0.1155
678 0.848811 0.840208 0.231307 0.109
679 0.890347 0.85234 0.219727 0.1135
680 0.628712 0.857658 0.21921 0.12
681 1 0.859883 0.217515 0.1275
682 0.616932 0.856707 0.219605 0.1185
683 1 0.867572 0.217167 0.1215
684 1 0.859429 0.216269 0.1245
685 1 0.850398 0.221211 0.1
686 0.78811 0.853638 0.222663 0.1235
687 1 0.852271 0.216528 0.116
688 0.713889 0.856274 0.220884 0.115
689 0.480941 0.848623 0.222638 0.1155
690 1 0.852563 0.22663 0.109
691 0.806543 0.848741 0.223772 0.119
692 0.855342 0.849337 0.224403 0.1135
693 1 0.859127 0.216468 0.114
694 1 0.852323 0.224129 0.104
695 1 0.850599 0.226121 0.1085
696 0.472976 0.862715 0.217948 0.1295
697 0.762047 0.849905 0.227364 0.121
698 1 0.851987 0.219928 0.1215
699 0.727775 0.865269 0.212271 0.115
700 0.995025 0.861944 0.214285 0.1175
701 1 0.855007 0.221412 0.123
702 1 0.844728 0.229043 0.1025
703 1 0.856889 0.223179 0.1145
704 1 0.852703 0.223183 0.1115
705 0.0721152 0.853164 0.225423 0.11
706 1 0.857029 0.218796 0.1135
707 1 0.856407 0.219604 0.1045
708 1 0.847331 0.225118 0.1105
709 1 0.8521 0.229428 0.131
710 1 0.85084 0.225069 0.1175
711 0.779504 0.848591 0.226808 0.112
712 1 0.847568 0.222234 0.1155
713 0.638234 0.853608 0.222819 0.111
714 1 0.854288 0.218845 0.114
715 1 0.848414 0.229857 0.12
716 0.971038 0.853514 0.222083 0.1275
717 0.281747 0.860361 0.215909 0.12
718 1 0.854868 0.221367 0.124
719 0.769219 0.8564 0.219945 0.12
720 1 0.857272 0.218382 0.123
721 1 0.859587 0.216096 0.103
722 1 0.850986 0.223999 0.1195
723 1 0.856092 0.220962 0.117
724 1 0.858384 0.216478 0.122
725 1 0.847056 0.22453 0.1015
726 1 0.853444 0.22155 0.12
727 1 0.853037 0.220978 0.117
728 1 0.856857 0.216411 0.1125
729 1 0.858022 0.223031 0.127
730 0.699271 0.849735 0.219701 0.1085
731 1 0.844211 0.226846 0.108
732 1 0.860239 0.215945 0.12
733 0.876247 0.852844 0.222393 0.117
734 0.535478 0.845329 0.228802 0.12
735 0.570025 0.859007 0.216714 0.126
736 1 0.850491 0.224497 0.0985
737 1 0.856383 0.221709 0.129
738 1 0.859208 0.216059 0.1145
739 1 0.850862 0.226463 0.1035
740 0.863338 0.857877 0.220187 0.1115
741 1 0.851141 0.224012 0.121
742 1 0.848677 0.226678 0.1115
743 0.565813 0.853686 0.22493 0.1175
744 1 0.854995 0.219661 0.12
745 1 0.855366 0.217012 0.1105
746 1 0.850585 0.221826 0.12
747 0.850551 0.856438 0.220207 0.1135
748 1 0.846866 0.227782 0.1155
749 0.864376 0.844955 0.22746 0.119
750 0.644917 0.858382 0.221418 0.106
751 1 0.86008 0.212656 0.1145
752 0.828639 0.852357 0.219286 0.12
753 0.765618 0.856562 0.222127 0.1235
754 0.871914 0.8549 0.218425 0.121
755 0.908322 0.844341 0.224684 0.119
756 0.912534 0.847548 0.221639 0.1095
757 0.521958 0.857688 0.219244 0.124
758 1 0.864158 0.212599 0.1145
759 1 0.856453 0.219601 0.124
760 1 0.852257 0.223704 0.124
761 0.823054 0.855924 0.22338 0.117
762 0.427717 0.857208 0.220003 0.119
763 1 0.855596 0.217395 0.121
764 1 0.851372 0.221169 0.114
765 0.65746 0.859905 0.217932 0.126
766 0.773553 0.854565 0.219488 0.1045
767 1 0.850535 0.225123 0.1195
768 1 0.856672 0.219839 0.1145
769 1 0.851387 0.231792 0.1095
770 0.683889 0.856156 0.224059 0.1185
771 0.807611 0.864273 0.214194 0.108
772 1 0.84719 0.223714 0.115
773 1 0.850157 0.228635 0.116
774 0.0484634 0.849019 0.224717 0.108
775 1 0.858764 0.21948 0.126
776 1 0.849379 0.224479 0.108
777 0.978423 0.857437 0.214349 0.0995
778 1 0.85471 0.222654 0.1055
779 1 0.859566 0.219668 0.109
780 0.914151 0.849354 0.219804 0.1125
781 1 0.856718 0.219601 0.1015
782 1 0.85805 0.216126 0.12
783 0.0210578 0.857397 0.217774 0.115
784 1 0.850463 0.21938 0.12
785 0.391949 0.851526 0.224899 0.1235
786 1 0.862192 0.21318 0.118
787 1 0.849691 0.227299 0.122
788 1 0.852905 0.220216 0.123
789 0.826044 0.849556 0.228042 0.118
790 1 0.851363 0.222421 0.121
791 1 0.858738 0.220174 0.11
792 1 0.860568 0.214928 0.1275
793 0.983489 0.856537 0.222739 0.123
794 0.463424 0.856361 0.219938 0.116
795 1 0.861267 0.213384 0.1245
796 1 0.85685 0.220636 0.1115
797 0.782159 0.857636 0.219732 0.128
798 1 0.858226 0.215325 0.117
799 0.480605 0.85238 0.219768 0.1125
800 1 0.857377 0.222685 0.117
801 1 0.853035 0.22232 0.117
802 0.984436 0.855064 0.222709 0.1155
803 0.755821 0.853652 0.226327 0.122
804 1 0.850509 0.220145 0.121
805 1 0.854565 0.222651 0.125
806 0.711631 0.842897 0.229149 0.113
807 0.998749 0.857834 0.225285 0.125
808 0.775506 0.860805 0.215747 0.1245
809 1 0.85628 0.215321 0.12
810 0.621204 0.860039 0.220385 0.1265
811 0.946104 0.856161 0.217917 0.1265
812 1 0.844902 0.227291 0.1105
813 1 0.854755 0.221639 0.123
814 1 0.860264 0.214449 0.1195
815 1 0.853722 0.225892 0.121
816 1 0.854796 0.218921 0.12
817 1 0.856634 0.221308 0.116
818 1 0.849405 0.223647 0.1195
819 1 0.8556 0.219052 0.122
820 1 0.855668 0.218736 0.1215
821 0.952055 0.856182 0.218757 0.139
822 0.66982 0.851381 0.220977 0.1155
823 1 0.854141 0.223258 0.115
824 1 0.857246 0.220234 0.1245
825 1 0.849242 0.224681 0.116
826 0.798761 0.851573 0.222686 0.098
827 0.745537 0.850124 0.223608 0.1135
828 0.988922 0.855423 0.21898 0.121
829 0.204627 0.857935 0.22014 0.119
830 1 0.848154 0.224475 0.106
831 0.909818 0.847096 0.225915 0.1055
832 1 0.854139 0.224152 0.1155
833 0.918394 0.849973 0.225096 0.1195
834 1 0.84567 0.231975 0.1015
835 0.489395 0.854086 0.216933 0.111
836 1 0.856658 0.219236 0.119
837 0.88934 0.85203 0.22066 0.109
838 0.940397 0.854558 0.219335 0.1045
839 1 0.847064 0.226432 0.1045
840 0.251961 0.845705 0.23053 0.1095
841 1 0.858928 0.214892 0.1145
842 1 0.850191 0.22781 0.103
843 0.94113 0.853233 0.223671 0.1055
844 0.62508 0.856792 0.220277 0.1205
845 1 0.859737 0.217199 0.1185
846 0.641346 0.861104 0.212858 0.1135
847 1 0.852251 0.224285 0.129
848 1 0.858513 0.219979 0.12
849 1 0.852178 0.227368 0.12
850 1 0.849448 0.228116 0.1075
851 1 0.860752 0.212888 0.106
852 0.996033 0.850867 0.224665 0.1085
853 1 0.866618 0.215609 0.127
854 0.600909 0.861856 0.213253 0.126
855 1 0.849277 0.224921 0.1265
856 1 0.858434 0.215095 0.1085
857 1 0.858144 0.224461 0.1305
858 1 0.849638 0.225649 0.112
859 1 0.850251 0.223959 0.113
860 1 0.846807 0.23135 0.112
861 1 0.845942 0.228103 0.112
862 0.427503 0.853265 0.221073 0.123
863 1 0.851089 0.224776 0.1195
864 0.678518 0.847021 0.22661 0.0965
865 1 0.862627 0.214691 0.117
866 0.497543 0.858093 0.216964 0.114
867 0.507645 0.854262 0.22511 0.1085
868 1 0.860613 0.217049 0.131
869 1 0.864435 0.210823 0.131
870 1 0.847509 0.228204 0.1215
871 0.339488 0.854828 0.217596 0.1115
872 1 0.851748 0.226296 0.126
873 1 0.855782 0.222979 0.1185
874 0.827326 0.852839 0.219037 0.1235
875 1 0.854633 0.218905 0.1095
876 1 0.857006 0.221042 0.1115
877 0.64333 0.856034 0.219816 0.1185
878 1 0.851422 0.222318 0.1105
879 0.514481 0.854809 0.222075 0.1115
880 0.73397 0.853147 0.226576 0.1155
881 0.737175 0.852058 0.226545 0.123
882 0.957091 0.853172 0.222061 0.1145
883 0.465835 0.849488 0.222385 0.1155
884 1 0.854489 0.220942 0.104
885 1 0.85536 0.218896 0.114
886 0.90466 0.858786 0.217667 0.121
887 0.821223 0.856901 0.219297 0.129
888 0.454787 0.85585 0.22044 0.126
889 1 0.848197 0.225187 0.118
890 0.869442 0.848141 0.227593 0.104
891 0.761376 0.851752 0.225182 0.121
892 1 0.857628 0.21827 0.113
893 1 0.843197 0.232044 0.1155
894 0.936125 0.846333 0.227151 0.12
895 1 0.847452 0.22693 0.118
896 1 0.858166 0.220993 0.114
897 1 0.851214 0.224717 0.1165
898 1 0.860285 0.219069 0.112
899 1 0.851068 0.225278 0.1235
900 1 0.855477 0.220459 0.126
901 1 0.856765 0.21693 0.105
902 0.580096 0.856701 0.217322 0.132
903 0.690298 0.8505 0.220124 0.1185
904 1 0.850371 0.226504 0.122
905 0.915647 0.849043 0.226556 0.122
906 0.669729 0.851229 0.222036 0.1225
907 1 0.850913 0.223639 0.1165
908 0.808863 0.857377 0.221819 0.1225
909 1 0.860125 0.222564 0.12
910 0.997497 0.855796 0.221937 0.11
911 0.772515 0.851687 0.221434 0.1245
912 1 0.859279 0.221255 0.1145
913 1 0.852967 0.221859 0.1125
914 1 0.851452 0.222755 0.1135
915 0.181219 0.854075 0.222982 0.1305
916 0.580981 0.849954 0.223267 0.1085
917 0.195624 0.852347 0.223935 0.132
918 0.960143 0.849315 0.225126 0.1075
919 1 0.857966 0.217742 0.1105
920 1 0.851948 0.22555 0.126
921 1 0.856212 0.218282 0.1115
922 1 0.856642 0.217477 0.1265
923 1 0.851163 0.220902 0.1115
924 1 0.852535 0.223128 0.114
925 1 0.844788 0.229284 0.1195
926 1 0.856303 0.222306 0.126
927 0.881039 0.859292 0.218967 0.1235
928 1 0.849362 0.226202 0.111
929 1 0.855159 0.214434 0.1185
930 0.426374 0.858547 0.220062 0.1305
931 1 0.856335 0.218973 0.126
932 1 0.858078 0.218152 0.1255
933 0.494858 0.856205 0.219951 0.1105
934 1 0.855743 0.219906 0.1225
935 1 0.854848 0.223761 0.122
936 0.559404 0.852251 0.222471 0.118
937 1 0.852857 0.219973 0.1095
938 0.922025 0.841648 0.228711 0.1175
939 0.893826 0.856412 0.217539 0.1025
940 0.857021 0.859219 0.218342 0.1225
941 1 0.849475 0.224838 0.112
942 1 0.852985 0.223447 0.1275
943 1 0.853724 0.225521 0.1125
944 0.747215 0.859819 0.216049 0.1105
945 0.756066 0.862791 0.214492 0.1155
946 1 0.858145 0.217774 0.1215
947 0.909909 0.845482 0.225461 0.1055
948 0.791986 0.863386 0.21854 0.121
949 1 0.848873 0.224397 0.115
950 1 0.849931 0.226819 0.1295
951 1 0.85854 0.216041 0.1015
952 0.522172 0.848973 0.22143 0.112
953 1 0.856757 0.219797 0.1255
954 0.704154 0.855896 0.219996 0.1095
955 1 0.855978 0.218781 0.1165
956 0.731742 0.858835 0.219526 0.1275
957 1 0.853525 0.226487 0.114
958 0.914212 0.853197 0.221109 0.118
959 0.875546 0.853919 0.217084 0.1045
960 0.79693 0.854345 0.223921 0.1185
961 0.305429 0.855445 0.222008 0.121
962 1 0.850465 0.223082 0.1165
963 0.481887 0.853361 0.219687 0.1125
964 1 0.851777 0.229121 0.1145
965 0.651967 0.848816 0.230544 0.1145
966 1 0.853167 0.223989 0.115
967 0.768578 0.855895 0.219542 0.114
968 1 0.84531 0.227417 0.1025
969 1 0.854939 0.223124 0.1225
970 1 0.858946 0.217019 0.1185
971 1 0.855668 0.222441 0.1255
972 1 0.854373 0.220961 0.121
973 1 0.856507 0.218774 0.116
974 1 0.858526 0.218886 0.1285
975 0.697867 0.85084 0.218427 0.1215
976 1 0.86334 0.214694 0.1195
977 1 0.864608 0.217633 0.1225
978 0.981719 0.862438 0.210849 0.1225
979 0.635548 0.853409 0.220573 0.108
980 1 0.854549 0.220616 0.1235
981 1 0.849934 0.228179 0.1155
982 0.874355 0.848642 0.220726 0.1075
983 1 0.853351 0.225845 0.1015
984 1 0.847822 0.223978 0.102
985 1 0.863606 0.208892 0.115
986 1 0.857788 0.216072 0.121
987 0.917997 0.865911 0.211408 0.1195
988 1 0.862777 0.213913 0.12
989 1 0.853837 0.219769 0.1215
990 0.813837 0.856317 0.223444 0.124
991 1 0.850029 0.22482 0.115
992 0.814203 0.853071 0.221899 0.1205
993 1 0.85559 0.219315 0.1205
994 0.897885 0.855303 0.217946 0.115
995 0.256508 0.853481 0.22335 0.12
996 1 0.851672 0.224743 0.116
997 1 0.855193 0.22458 0.1165
998 1 0.846517 0.226748 0.1165
999 1 0.856282 0.220118 0.121
------------------------------------------------------------------------------------------------------------------------
The best percentage of optimal action selection for Boltzmann is: 0.139, at step: 821
------------------------------------------------------------------------------------------------------------------------
